1;5.970840298732115;[7, 9, 9, 9];####1.3235294117647058

2;5.970840298732115;[7, 9, 9, 9];####1.3235294117647058

3;5.970840298732115;[7, 9, 9, 9];####1.3235294117647058

4;5.970840298732115;[7, 9, 9, 9];####1.3235294117647058

5;5.970840298732115;[7, 9, 9, 9];####1.3235294117647058

6;5.970840298732115;[7, 9, 9, 9];####1.3235294117647058

7;5.970840298732115;[7, 9, 9, 9];####1.3235294117647058

8;5.970840298732115;[7, 9, 9, 9];####1.3235294117647058

9;5.970840298732115;[7, 9, 9, 9];####1.3235294117647058

10;5.970840298732115;[7, 9, 9, 9];####1.3235294117647058

11;5.970840298732115;[7, 9, 9, 9];####1.3235294117647058

12;5.970840298732115;[7, 9, 9, 9];####1.3235294117647058

13;5.970840298732115;[7, 9, 9, 9];####1.3235294117647058

14;5.970840298732115;[7, 9, 9, 9];####1.3235294117647058

15;5.970840298732115;[7, 9, 9, 9];####1.3235294117647058

16;5.970840298732115;[7, 9, 9, 9];####1.3235294117647058

17;5.970840298732115;[7, 9, 9, 9];####1.3235294117647058

18;5.970840298732115;[7, 9, 9, 9];####1.3235294117647058

19;5.970840298732115;[7, 9, 9, 9];####1.3235294117647058

20;5.970840298732115;[7, 9, 9, 9];####1.3235294117647058

21;5.970840298732115;[7, 9, 9, 9];####1.3235294117647058

22;5.970840298732115;[7, 9, 9, 9];####1.3235294117647058

23;5.970840298732115;[7, 9, 9, 9];####1.3235294117647058

24;5.970840298732115;[7, 9, 9, 9];####1.3235294117647058

25;5.970840298732115;[7, 9, 9, 9];####1.3235294117647058

26;5.970840298732115;[7, 9, 9, 9];####1.3235294117647058

27;5.970840298732115;[7, 9, 9, 9];####1.3235294117647058

28;5.970840298732115;[7, 9, 9, 9];####1.3235294117647058

29;5.970840298732115;[7, 9, 9, 9];####1.3235294117647058

30;5.970840298732115;[7, 9, 9, 9];####1.3235294117647058

31;5.970840298732115;[7, 9, 9, 9];####1.3235294117647058

32;5.970840298732115;[7, 9, 9, 9];####1.3235294117647058

33;5.970840298732115;[7, 9, 9, 9];####1.3235294117647058

34;5.970840298732115;[7, 9, 9, 9];####1.3235294117647058

35;5.970840298732115;[7, 9, 9, 9];####1.3235294117647058

36;5.970840298732115;[7, 9, 9, 9];####1.3235294117647058

37;5.970840298732115;[7, 9, 9, 9];####1.3235294117647058

38;5.970840298732115;[7, 9, 9, 9];####1.3235294117647058

39;5.970840298732115;[7, 9, 9, 9];####1.3235294117647058

40;5.970840298732115;[7, 9, 9, 9];####1.3235294117647058

41;5.970840298732115;[7, 9, 9, 9];####1.3235294117647058

42;5.970840298732115;[7, 9, 9, 9];####1.3235294117647058

43;5.970840298732115;[7, 9, 9, 9];####1.3235294117647058

44;5.970840298732115;[7, 9, 9, 9];####1.3235294117647058

45;5.970840298732115;[7, 9, 9, 9];####1.3235294117647058

46;5.970840298732115;[7, 9, 9, 9];####1.3235294117647058

47;5.970840298732115;[7, 9, 9, 9];####1.3235294117647058

48;5.970840298732115;[7, 9, 9, 9];####1.3235294117647058

49;5.970840298732115;[7, 9, 9, 9];####1.3235294117647058

50;5.970840298732115;[7, 9, 9, 9];####1.3235294117647058

51;5.970840298732115;[7, 9, 9, 9];####1.3235294117647058

52;5.970840298732115;[7, 9, 9, 9];####1.3235294117647058

53;5.970840298732115;[7, 9, 9, 9];####1.3235294117647058

54;5.970840298732115;[7, 9, 9, 9];####1.3235294117647058

55;5.970840298732115;[7, 9, 9, 9];####1.3235294117647058

56;5.970840298732115;[7, 9, 9, 9];####1.3235294117647058

57;5.970840298732115;[7, 9, 9, 9];####1.3235294117647058

58;5.970840298732115;[7, 9, 9, 9];####1.3235294117647058

59;5.970840298732115;[7, 9, 9, 9];####1.3235294117647058

60;5.970840298732115;[7, 9, 9, 9];####1.3235294117647058

61;5.970840298732115;[7, 9, 9, 9];####1.3235294117647058

62;5.970840298732115;[7, 9, 9, 9];####1.3235294117647058

63;5.970840298732115;[7, 9, 9, 9];####1.3235294117647058

64;5.970840298732115;[7, 9, 9, 9];####1.3235294117647058

65;5.970840298732115;[7, 9, 9, 9];####1.3235294117647058

66;5.970840298732115;[7, 9, 9, 9];####1.3235294117647058

67;5.970840298732115;[7, 9, 9, 9];####1.3235294117647058

68;5.970840298732115;[7, 9, 9, 9];####1.3235294117647058

69;5.970840298732115;[7, 9, 9, 9];####1.3235294117647058

70;5.970840298732115;[7, 9, 9, 9];####1.3235294117647058

71;5.970840298732115;[7, 9, 9, 9];####1.3235294117647058

72;5.970840298732115;[7, 9, 9, 9];####1.3235294117647058

73;5.970840298732115;[7, 9, 9, 9];####1.3235294117647058

74;5.970840298732115;[7, 9, 9, 9];####1.3235294117647058

75;5.970840298732115;[7, 9, 9, 9];####1.3235294117647058

76;5.970840298732115;[7, 9, 9, 9];####1.3235294117647058

77;5.970840298732115;[7, 9, 9, 9];####1.3235294117647058

78;5.970840298732115;[7, 9, 9, 9];####1.3235294117647058

79;5.970840298732115;[7, 9, 9, 9];####1.3235294117647058

80;5.970840298732115;[7, 9, 9, 9];####1.3235294117647058

81;5.970840298732115;[7, 9, 9, 9];####1.3235294117647058

82;5.970840298732115;[7, 9, 9, 9];####1.3235294117647058

83;5.970840298732115;[7, 9, 9, 9];####1.3235294117647058

84;5.970840298732115;[7, 9, 9, 9];####1.3235294117647058

85;5.970840298732115;[7, 9, 9, 9];####1.3235294117647058

86;5.970840298732115;[7, 9, 9, 9];####1.3235294117647058

87;5.970840298732115;[7, 9, 9, 9];####1.3235294117647058

88;5.970840298732115;[7, 9, 9, 9];####1.3235294117647058

89;5.970840298732115;[7, 9, 9, 9];####1.3235294117647058

90;5.970840298732115;[7, 9, 9, 9];####1.3235294117647058

91;5.970840298732115;[7, 9, 9, 9];####1.3235294117647058

92;5.970840298732115;[7, 9, 9, 9];####1.3235294117647058

93;5.970840298732115;[7, 9, 9, 9];####1.3235294117647058

94;5.970840298732115;[7, 9, 9, 9];####1.3235294117647058

95;5.970840298732115;[7, 9, 9, 9];####1.3235294117647058

96;5.970840298732115;[7, 9, 9, 9];####1.3235294117647058

97;5.970840298732115;[7, 9, 9, 9];####1.3235294117647058

98;5.970840298732115;[7, 9, 9, 9];####1.3235294117647058

99;5.970840298732115;[7, 9, 9, 9];####1.3235294117647058

100;5.970840298732115;[7, 9, 9, 9];####1.3235294117647058

101;5.970840298732115;[7, 9, 9, 9];####1.3235294117647058

102;5.970840298732115;[7, 9, 9, 9];####1.3235294117647058

103;5.970840298732115;[7, 9, 9, 9];####1.3235294117647058

104;5.970840298732115;[7, 9, 9, 9];####1.3235294117647058

105;5.970840298732115;[7, 9, 9, 9];####1.3235294117647058

106;5.970840298732115;[7, 9, 9, 9];####1.3235294117647058

107;5.970840298732115;[7, 9, 9, 9];####1.3235294117647058

108;5.970840298732115;[7, 9, 9, 9];####1.3235294117647058

109;5.970840298732115;[7, 9, 9, 9];####1.3235294117647058

110;5.970840298732115;[7, 9, 9, 9];####1.3235294117647058

111;5.970840298732115;[7, 9, 9, 9];####1.3235294117647058

112;5.970840298732115;[7, 9, 9, 9];####1.3235294117647058

113;5.970840298732115;[7, 9, 9, 9];####1.3235294117647058

114;5.970840298732115;[7, 9, 9, 9];####1.3235294117647058

115;5.970840298732115;[7, 9, 9, 9];####1.3235294117647058

116;5.970840298732115;[7, 9, 9, 9];####1.3235294117647058

117;5.970840298732115;[7, 9, 9, 9];####1.3235294117647058

118;5.970840298732115;[7, 9, 9, 9];####1.3235294117647058

119;5.970840298732115;[7, 9, 9, 9];####1.3235294117647058

120;5.970840298732115;[7, 9, 9, 9];####1.3235294117647058

121;5.970840298732115;[7, 9, 9, 9];####1.3235294117647058

122;5.970840298732115;[7, 9, 9, 9];####1.3235294117647058

123;5.970840298732115;[7, 9, 9, 9];####1.3235294117647058

124;5.970840298732115;[7, 9, 9, 9];####1.3235294117647058

125;5.970840298732115;[7, 9, 9, 9];####1.3235294117647058

126;5.970840298732115;[7, 9, 9, 9];####1.3235294117647058

127;5.970840298732115;[7, 9, 9, 9];####1.3235294117647058

128;5.970840298732115;[7, 9, 9, 9];####1.3235294117647058

129;5.970840298732115;[7, 9, 9, 9];####1.3235294117647058

130;5.970840298732115;[7, 9, 9, 9];####1.3235294117647058

131;5.970840298732115;[7, 9, 9, 9];####1.3235294117647058

132;5.970840298732115;[7, 9, 9, 9];####1.3235294117647058

133;5.970840298732115;[7, 9, 9, 9];####1.3235294117647058

134;5.970840298732115;[7, 9, 9, 9];####1.3235294117647058

135;5.970840298732115;[7, 9, 9, 9];####1.3235294117647058

136;5.970840298732115;[7, 9, 9, 9];####1.3235294117647058

137;5.970840298732115;[7, 9, 9, 9];####1.3235294117647058

138;5.970840298732115;[7, 9, 9, 9];####1.3235294117647058

139;5.970840298732115;[7, 9, 9, 9];####1.3235294117647058

140;5.970840298732115;[7, 9, 9, 9];####1.3235294117647058

141;5.970840298732115;[7, 9, 9, 9];####1.3235294117647058

142;5.970840298732115;[7, 9, 9, 9];####1.3235294117647058

143;5.970840298732115;[7, 9, 9, 9];####1.3235294117647058

144;5.970840298732115;[7, 9, 9, 9];####1.3235294117647058

145;5.970840298732115;[7, 9, 9, 9];####1.3235294117647058

146;5.970840298732115;[7, 9, 9, 9];####1.3235294117647058

147;5.970840298732115;[7, 9, 9, 9];####1.3235294117647058

148;5.970840298732115;[7, 9, 9, 9];####1.3235294117647058

149;5.970840298732115;[7, 9, 9, 9];####1.3235294117647058

150;5.970840298732115;[7, 9, 9, 9];####1.3235294117647058

151;5.970840298732115;[7, 9, 9, 9];####1.3235294117647058

152;5.970840298732115;[7, 9, 9, 9];####1.3235294117647058

153;5.970840298732115;[7, 9, 9, 9];####1.3235294117647058

154;5.970840298732115;[7, 9, 9, 9];####1.3235294117647058

155;5.970840298732115;[7, 9, 9, 9];####1.3235294117647058

156;5.970840298732115;[7, 9, 9, 9];####1.3235294117647058

157;5.970840298732115;[7, 9, 9, 9];####1.3235294117647058

158;5.970840298732115;[7, 9, 9, 9];####1.3235294117647058

159;5.970840298732115;[7, 9, 9, 9];####1.3235294117647058

160;5.970840298732115;[7, 9, 9, 9];####1.3235294117647058

161;5.970840298732115;[7, 9, 9, 9];####1.3235294117647058

162;5.970840298732115;[7, 9, 9, 9];####1.3235294117647058

163;5.970840298732115;[7, 9, 9, 9];####1.3235294117647058

164;5.970840298732115;[7, 9, 9, 9];####1.3235294117647058

165;5.970840298732115;[7, 9, 9, 9];####1.3235294117647058

166;5.970840298732115;[7, 9, 9, 9];####1.3235294117647058

167;5.970840298732115;[7, 9, 9, 9];####1.3235294117647058

168;5.970840298732115;[7, 9, 9, 9];####1.3235294117647058

169;5.970840298732115;[7, 9, 9, 9];####1.3235294117647058

170;5.970840298732115;[7, 9, 9, 9];####1.3235294117647058

171;5.970840298732115;[7, 9, 9, 9];####1.3235294117647058

172;5.970840298732115;[7, 9, 9, 9];####1.3235294117647058

173;5.970840298732115;[7, 9, 9, 9];####1.3235294117647058

174;5.970840298732115;[7, 9, 9, 9];####1.3235294117647058

175;5.970840298732115;[7, 9, 9, 9];####1.3235294117647058

176;5.970840298732115;[7, 9, 9, 9];####1.3235294117647058

177;5.970840298732115;[7, 9, 9, 9];####1.3235294117647058

178;5.970840298732115;[7, 9, 9, 9];####1.3235294117647058

179;5.970840298732115;[7, 9, 9, 9];####1.3235294117647058

180;5.970840298732115;[7, 9, 9, 9];####1.3235294117647058

181;5.970840298732115;[7, 9, 9, 9];####1.3235294117647058

182;5.970840298732115;[7, 9, 9, 9];####1.3235294117647058

183;5.970840298732115;[7, 9, 9, 9];####1.3235294117647058

184;5.970840298732115;[7, 9, 9, 9];####1.3235294117647058

185;5.970840298732115;[7, 9, 9, 9];####1.3235294117647058

186;5.970840298732115;[7, 9, 9, 9];####1.3235294117647058

187;5.970840298732115;[7, 9, 9, 9];####1.3235294117647058

188;5.970840298732115;[7, 9, 9, 9];####1.3235294117647058

189;5.970840298732115;[7, 9, 9, 9];####1.3235294117647058

190;5.970840298732115;[7, 9, 9, 9];####1.3235294117647058

191;5.970840298732115;[7, 9, 9, 9];####1.3235294117647058

192;5.970840298732115;[7, 9, 9, 9];####1.3235294117647058

193;5.970840298732115;[7, 9, 9, 9];####1.3235294117647058

194;5.970840298732115;[7, 9, 9, 9];####1.3235294117647058

195;5.970840298732115;[7, 9, 9, 9];####1.3235294117647058

196;5.970840298732115;[7, 9, 9, 9];####1.3235294117647058

197;5.970840298732115;[7, 9, 9, 9];####1.3235294117647058

198;5.970840298732115;[7, 9, 9, 9];####1.3235294117647058

199;5.970840298732115;[7, 9, 9, 9];####1.3235294117647058

200;5.970840298732115;[7, 9, 9, 9];####1.3235294117647058

任务[9]先且完成。

任务9已完成的工作量为： 5.0；
任务9剩余的工作量为： 0.0；

