1;1.7976931348623157E308;[];####0.0

2;1.7976931348623157E308;[];####0.0

3;1.7976931348623157E308;[];####0.0

4;4.314230655878408;[0, 9, 9, 9, 9, 4, 4];####1.50794274929223

5;4.314230655878408;[0, 9, 9, 9, 9, 4, 4];####1.50794274929223

6;4.314230655878408;[0, 9, 9, 9, 9, 4, 4];####1.50794274929223

7;4.314230655878408;[0, 9, 9, 9, 9, 4, 4];####1.50794274929223

8;4.314230655878408;[0, 9, 9, 9, 9, 4, 4];####1.50794274929223

9;4.314230655878408;[0, 9, 9, 9, 9, 4, 4];####1.50794274929223

10;4.314230655878408;[0, 9, 9, 9, 9, 4, 4];####1.50794274929223

11;4.314230655878408;[0, 9, 9, 9, 9, 4, 4];####1.50794274929223

12;4.314230655878408;[0, 9, 9, 9, 9, 4, 4];####1.50794274929223

13;4.314230655878408;[0, 9, 9, 9, 9, 4, 4];####1.50794274929223

14;4.314230655878408;[0, 9, 9, 9, 9, 4, 4];####1.50794274929223

15;4.314230655878408;[0, 9, 9, 9, 9, 4, 4];####1.50794274929223

16;4.314230655878408;[0, 9, 9, 9, 9, 4, 4];####1.50794274929223

17;4.314230655878408;[0, 9, 9, 9, 9, 4, 4];####1.50794274929223

18;4.314230655878408;[0, 9, 9, 9, 9, 4, 4];####1.50794274929223

19;4.314230655878408;[0, 9, 9, 9, 9, 4, 4];####1.50794274929223

20;4.314230655878408;[0, 9, 9, 9, 9, 4, 4];####1.50794274929223

21;4.314230655878408;[0, 9, 9, 9, 9, 4, 4];####1.50794274929223

22;4.314230655878408;[0, 9, 9, 9, 9, 4, 4];####1.50794274929223

23;4.314230655878408;[0, 9, 9, 9, 9, 4, 4];####1.50794274929223

24;4.314230655878408;[0, 9, 9, 9, 9, 4, 4];####1.50794274929223

25;4.314230655878408;[0, 9, 9, 9, 9, 4, 4];####1.50794274929223

26;4.314230655878408;[0, 9, 9, 9, 9, 4, 4];####1.50794274929223

27;4.314230655878408;[0, 9, 9, 9, 9, 4, 4];####1.50794274929223

28;4.314230655878408;[0, 9, 9, 9, 9, 4, 4];####1.50794274929223

29;4.314230655878408;[0, 9, 9, 9, 9, 4, 4];####1.50794274929223

30;4.314230655878408;[0, 9, 9, 9, 9, 4, 4];####1.50794274929223

31;4.314230655878408;[0, 9, 9, 9, 9, 4, 4];####1.50794274929223

32;4.314230655878408;[0, 9, 9, 9, 9, 4, 4];####1.50794274929223

33;4.314230655878408;[0, 9, 9, 9, 9, 4, 4];####1.50794274929223

34;4.314230655878408;[0, 9, 9, 9, 9, 4, 4];####1.50794274929223

35;4.314230655878408;[0, 9, 9, 9, 9, 4, 4];####1.50794274929223

36;4.314230655878408;[0, 9, 9, 9, 9, 4, 4];####1.50794274929223

37;4.314230655878408;[0, 9, 9, 9, 9, 4, 4];####1.50794274929223

38;4.314230655878408;[0, 9, 9, 9, 9, 4, 4];####1.50794274929223

39;4.314230655878408;[0, 9, 9, 9, 9, 4, 4];####1.50794274929223

40;4.314230655878408;[0, 9, 9, 9, 9, 4, 4];####1.50794274929223

41;4.314230655878408;[0, 9, 9, 9, 9, 4, 4];####1.50794274929223

42;4.314230655878408;[0, 9, 9, 9, 9, 4, 4];####1.50794274929223

43;4.314230655878408;[0, 9, 9, 9, 9, 4, 4];####1.50794274929223

44;4.314230655878408;[0, 9, 9, 9, 9, 4, 4];####1.50794274929223

45;4.314230655878408;[0, 9, 9, 9, 9, 4, 4];####1.50794274929223

46;4.314230655878408;[0, 9, 9, 9, 9, 4, 4];####1.50794274929223

47;4.314230655878408;[0, 9, 9, 9, 9, 4, 4];####1.50794274929223

48;4.314230655878408;[0, 9, 9, 9, 9, 4, 4];####1.50794274929223

49;4.314230655878408;[0, 9, 9, 9, 9, 4, 4];####1.50794274929223

50;4.314230655878408;[0, 9, 9, 9, 9, 4, 4];####1.50794274929223

51;4.314230655878408;[0, 9, 9, 9, 9, 4, 4];####1.50794274929223

52;4.314230655878408;[0, 9, 9, 9, 9, 4, 4];####1.50794274929223

53;4.314230655878408;[0, 9, 9, 9, 9, 4, 4];####1.50794274929223

54;4.314230655878408;[0, 9, 9, 9, 9, 4, 4];####1.50794274929223

55;4.314230655878408;[0, 9, 9, 9, 9, 4, 4];####1.50794274929223

56;4.314230655878408;[0, 9, 9, 9, 9, 4, 4];####1.50794274929223

57;4.314230655878408;[0, 9, 9, 9, 9, 4, 4];####1.50794274929223

58;4.314230655878408;[0, 9, 9, 9, 9, 4, 4];####1.50794274929223

59;4.314230655878408;[0, 9, 9, 9, 9, 4, 4];####1.50794274929223

60;4.314230655878408;[0, 9, 9, 9, 9, 4, 4];####1.50794274929223

61;4.314230655878408;[0, 9, 9, 9, 9, 4, 4];####1.50794274929223

62;4.314230655878408;[0, 9, 9, 9, 9, 4, 4];####1.50794274929223

63;4.314230655878408;[0, 9, 9, 9, 9, 4, 4];####1.50794274929223

64;4.314230655878408;[0, 9, 9, 9, 9, 4, 4];####1.50794274929223

65;4.314230655878408;[0, 9, 9, 9, 9, 4, 4];####1.50794274929223

66;4.314230655878408;[0, 9, 9, 9, 9, 4, 4];####1.50794274929223

67;4.314230655878408;[0, 9, 9, 9, 9, 4, 4];####1.50794274929223

68;4.314230655878408;[0, 9, 9, 9, 9, 4, 4];####1.50794274929223

69;4.314230655878408;[0, 9, 9, 9, 9, 4, 4];####1.50794274929223

70;4.314230655878408;[0, 9, 9, 9, 9, 4, 4];####1.50794274929223

71;4.314230655878408;[0, 9, 9, 9, 9, 4, 4];####1.50794274929223

72;4.314230655878408;[0, 9, 9, 9, 9, 4, 4];####1.50794274929223

73;4.314230655878408;[0, 9, 9, 9, 9, 4, 4];####1.50794274929223

74;4.314230655878408;[0, 9, 9, 9, 9, 4, 4];####1.50794274929223

75;4.314230655878408;[0, 9, 9, 9, 9, 4, 4];####1.50794274929223

76;4.314230655878408;[0, 9, 9, 9, 9, 4, 4];####1.50794274929223

77;4.314230655878408;[0, 9, 9, 9, 9, 4, 4];####1.50794274929223

78;4.314230655878408;[0, 9, 9, 9, 9, 4, 4];####1.50794274929223

79;4.314230655878408;[0, 9, 9, 9, 9, 4, 4];####1.50794274929223

80;4.314230655878408;[0, 9, 9, 9, 9, 4, 4];####1.50794274929223

81;4.314230655878408;[0, 9, 9, 9, 9, 4, 4];####1.50794274929223

82;4.314230655878408;[0, 9, 9, 9, 9, 4, 4];####1.50794274929223

83;4.314230655878408;[0, 9, 9, 9, 9, 4, 4];####1.50794274929223

84;4.314230655878408;[0, 9, 9, 9, 9, 4, 4];####1.50794274929223

85;4.314230655878408;[0, 9, 9, 9, 9, 4, 4];####1.50794274929223

86;4.314230655878408;[0, 9, 9, 9, 9, 4, 4];####1.50794274929223

87;4.314230655878408;[0, 9, 9, 9, 9, 4, 4];####1.50794274929223

88;4.314230655878408;[0, 9, 9, 9, 9, 4, 4];####1.50794274929223

89;4.314230655878408;[0, 9, 9, 9, 9, 4, 4];####1.50794274929223

90;4.314230655878408;[0, 9, 9, 9, 9, 4, 4];####1.50794274929223

91;4.314230655878408;[0, 9, 9, 9, 9, 4, 4];####1.50794274929223

92;4.314230655878408;[0, 9, 9, 9, 9, 4, 4];####1.50794274929223

93;4.314230655878408;[0, 9, 9, 9, 9, 4, 4];####1.50794274929223

94;4.314230655878408;[0, 9, 9, 9, 9, 4, 4];####1.50794274929223

95;4.314230655878408;[0, 9, 9, 9, 9, 4, 4];####1.50794274929223

96;4.314230655878408;[0, 9, 9, 9, 9, 4, 4];####1.50794274929223

97;4.314230655878408;[0, 9, 9, 9, 9, 4, 4];####1.50794274929223

98;4.314230655878408;[0, 9, 9, 9, 9, 4, 4];####1.50794274929223

99;4.314230655878408;[0, 9, 9, 9, 9, 4, 4];####1.50794274929223

100;4.314230655878408;[0, 9, 9, 9, 9, 4, 4];####1.50794274929223

101;4.314230655878408;[0, 9, 9, 9, 9, 4, 4];####1.50794274929223

102;4.314230655878408;[0, 9, 9, 9, 9, 4, 4];####1.50794274929223

103;4.314230655878408;[0, 9, 9, 9, 9, 4, 4];####1.50794274929223

104;4.314230655878408;[0, 9, 9, 9, 9, 4, 4];####1.50794274929223

105;4.314230655878408;[0, 9, 9, 9, 9, 4, 4];####1.50794274929223

106;4.314230655878408;[0, 9, 9, 9, 9, 4, 4];####1.50794274929223

107;4.314230655878408;[0, 9, 9, 9, 9, 4, 4];####1.50794274929223

108;4.314230655878408;[0, 9, 9, 9, 9, 4, 4];####1.50794274929223

109;4.314230655878408;[0, 9, 9, 9, 9, 4, 4];####1.50794274929223

110;4.314230655878408;[0, 9, 9, 9, 9, 4, 4];####1.50794274929223

111;4.314230655878408;[0, 9, 9, 9, 9, 4, 4];####1.50794274929223

112;4.314230655878408;[0, 9, 9, 9, 9, 4, 4];####1.50794274929223

113;4.314230655878408;[0, 9, 9, 9, 9, 4, 4];####1.50794274929223

114;4.314230655878408;[0, 9, 9, 9, 9, 4, 4];####1.50794274929223

115;4.314230655878408;[0, 9, 9, 9, 9, 4, 4];####1.50794274929223

116;4.314230655878408;[0, 9, 9, 9, 9, 4, 4];####1.50794274929223

117;4.314230655878408;[0, 9, 9, 9, 9, 4, 4];####1.50794274929223

118;4.314230655878408;[0, 9, 9, 9, 9, 4, 4];####1.50794274929223

119;4.314230655878408;[0, 9, 9, 9, 9, 4, 4];####1.50794274929223

120;4.314230655878408;[0, 9, 9, 9, 9, 4, 4];####1.50794274929223

121;4.314230655878408;[0, 9, 9, 9, 9, 4, 4];####1.50794274929223

122;4.314230655878408;[0, 9, 9, 9, 9, 4, 4];####1.50794274929223

123;4.314230655878408;[0, 9, 9, 9, 9, 4, 4];####1.50794274929223

124;4.314230655878408;[0, 9, 9, 9, 9, 4, 4];####1.50794274929223

125;4.314230655878408;[0, 9, 9, 9, 9, 4, 4];####1.50794274929223

126;4.314230655878408;[0, 9, 9, 9, 9, 4, 4];####1.50794274929223

127;4.314230655878408;[0, 9, 9, 9, 9, 4, 4];####1.50794274929223

128;4.314230655878408;[0, 9, 9, 9, 9, 4, 4];####1.50794274929223

129;4.314230655878408;[0, 9, 9, 9, 9, 4, 4];####1.50794274929223

130;4.314230655878408;[0, 9, 9, 9, 9, 4, 4];####1.50794274929223

131;4.314230655878408;[0, 9, 9, 9, 9, 4, 4];####1.50794274929223

132;4.314230655878408;[0, 9, 9, 9, 9, 4, 4];####1.50794274929223

133;4.314230655878408;[0, 9, 9, 9, 9, 4, 4];####1.50794274929223

134;4.314230655878408;[0, 9, 9, 9, 9, 4, 4];####1.50794274929223

135;4.314230655878408;[0, 9, 9, 9, 9, 4, 4];####1.50794274929223

136;4.314230655878408;[0, 9, 9, 9, 9, 4, 4];####1.50794274929223

137;4.314230655878408;[0, 9, 9, 9, 9, 4, 4];####1.50794274929223

138;4.314230655878408;[0, 9, 9, 9, 9, 4, 4];####1.50794274929223

139;4.314230655878408;[0, 9, 9, 9, 9, 4, 4];####1.50794274929223

140;4.314230655878408;[0, 9, 9, 9, 9, 4, 4];####1.50794274929223

141;4.314230655878408;[0, 9, 9, 9, 9, 4, 4];####1.50794274929223

142;4.314230655878408;[0, 9, 9, 9, 9, 4, 4];####1.50794274929223

143;4.314230655878408;[0, 9, 9, 9, 9, 4, 4];####1.50794274929223

144;4.314230655878408;[0, 9, 9, 9, 9, 4, 4];####1.50794274929223

145;4.314230655878408;[0, 9, 9, 9, 9, 4, 4];####1.50794274929223

146;4.314230655878408;[0, 9, 9, 9, 9, 4, 4];####1.50794274929223

147;4.314230655878408;[0, 9, 9, 9, 9, 4, 4];####1.50794274929223

148;4.314230655878408;[0, 9, 9, 9, 9, 4, 4];####1.50794274929223

149;4.314230655878408;[0, 9, 9, 9, 9, 4, 4];####1.50794274929223

150;4.314230655878408;[0, 9, 9, 9, 9, 4, 4];####1.50794274929223

151;4.314230655878408;[0, 9, 9, 9, 9, 4, 4];####1.50794274929223

152;4.314230655878408;[0, 9, 9, 9, 9, 4, 4];####1.50794274929223

153;4.314230655878408;[0, 9, 9, 9, 9, 4, 4];####1.50794274929223

154;4.314230655878408;[0, 9, 9, 9, 9, 4, 4];####1.50794274929223

155;4.314230655878408;[0, 9, 9, 9, 9, 4, 4];####1.50794274929223

156;4.314230655878408;[0, 9, 9, 9, 9, 4, 4];####1.50794274929223

157;4.314230655878408;[0, 9, 9, 9, 9, 4, 4];####1.50794274929223

158;4.314230655878408;[0, 9, 9, 9, 9, 4, 4];####1.50794274929223

159;4.314230655878408;[0, 9, 9, 9, 9, 4, 4];####1.50794274929223

160;4.314230655878408;[0, 9, 9, 9, 9, 4, 4];####1.50794274929223

161;4.314230655878408;[0, 9, 9, 9, 9, 4, 4];####1.50794274929223

162;4.314230655878408;[0, 9, 9, 9, 9, 4, 4];####1.50794274929223

163;4.314230655878408;[0, 9, 9, 9, 9, 4, 4];####1.50794274929223

164;4.314230655878408;[0, 9, 9, 9, 9, 4, 4];####1.50794274929223

165;4.314230655878408;[0, 9, 9, 9, 9, 4, 4];####1.50794274929223

166;4.314230655878408;[0, 9, 9, 9, 9, 4, 4];####1.50794274929223

167;4.314230655878408;[0, 9, 9, 9, 9, 4, 4];####1.50794274929223

168;4.314230655878408;[0, 9, 9, 9, 9, 4, 4];####1.50794274929223

169;4.314230655878408;[0, 9, 9, 9, 9, 4, 4];####1.50794274929223

170;4.314230655878408;[0, 9, 9, 9, 9, 4, 4];####1.50794274929223

171;4.314230655878408;[0, 9, 9, 9, 9, 4, 4];####1.50794274929223

172;4.314230655878408;[0, 9, 9, 9, 9, 4, 4];####1.50794274929223

173;4.314230655878408;[0, 9, 9, 9, 9, 4, 4];####1.50794274929223

174;4.314230655878408;[0, 9, 9, 9, 9, 4, 4];####1.50794274929223

175;4.314230655878408;[0, 9, 9, 9, 9, 4, 4];####1.50794274929223

176;4.314230655878408;[0, 9, 9, 9, 9, 4, 4];####1.50794274929223

177;4.314230655878408;[0, 9, 9, 9, 9, 4, 4];####1.50794274929223

178;4.314230655878408;[0, 9, 9, 9, 9, 4, 4];####1.50794274929223

179;4.314230655878408;[0, 9, 9, 9, 9, 4, 4];####1.50794274929223

180;4.314230655878408;[0, 9, 9, 9, 9, 4, 4];####1.50794274929223

181;4.314230655878408;[0, 9, 9, 9, 9, 4, 4];####1.50794274929223

182;4.314230655878408;[0, 9, 9, 9, 9, 4, 4];####1.50794274929223

183;4.314230655878408;[0, 9, 9, 9, 9, 4, 4];####1.50794274929223

184;4.314230655878408;[0, 9, 9, 9, 9, 4, 4];####1.50794274929223

185;4.314230655878408;[0, 9, 9, 9, 9, 4, 4];####1.50794274929223

186;4.314230655878408;[0, 9, 9, 9, 9, 4, 4];####1.50794274929223

187;4.314230655878408;[0, 9, 9, 9, 9, 4, 4];####1.50794274929223

188;4.314230655878408;[0, 9, 9, 9, 9, 4, 4];####1.50794274929223

189;4.314230655878408;[0, 9, 9, 9, 9, 4, 4];####1.50794274929223

190;4.314230655878408;[0, 9, 9, 9, 9, 4, 4];####1.50794274929223

191;4.314230655878408;[0, 9, 9, 9, 9, 4, 4];####1.50794274929223

192;4.314230655878408;[0, 9, 9, 9, 9, 4, 4];####1.50794274929223

193;4.314230655878408;[0, 9, 9, 9, 9, 4, 4];####1.50794274929223

194;4.314230655878408;[0, 9, 9, 9, 9, 4, 4];####1.50794274929223

195;4.314230655878408;[0, 9, 9, 9, 9, 4, 4];####1.50794274929223

196;4.314230655878408;[0, 9, 9, 9, 9, 4, 4];####1.50794274929223

197;4.314230655878408;[0, 9, 9, 9, 9, 4, 4];####1.50794274929223

198;4.314230655878408;[0, 9, 9, 9, 9, 4, 4];####1.50794274929223

199;4.314230655878408;[0, 9, 9, 9, 9, 4, 4];####1.50794274929223

200;4.314230655878408;[0, 9, 9, 9, 9, 4, 4];####1.50794274929223

任务[1]先且完成。

任务1已完成的工作量为： 5.103806228373702；
任务1剩余的工作量为： 0.0；
任务2已完成的工作量为： 0.9279647687952185；
任务2剩余的工作量为： 6.072035231204781；

