1;4.556494415733379;[8, 9];####1.906947132559112

2;4.556494415733379;[8, 9];####1.906947132559112

3;4.556494415733379;[8, 9];####1.906947132559112

4;4.556494415733379;[8, 9];####1.906947132559112

5;4.556494415733379;[8, 9];####1.906947132559112

6;4.556494415733379;[8, 9];####1.906947132559112

7;4.556494415733379;[8, 9];####1.906947132559112

8;4.556494415733379;[8, 9];####1.906947132559112

9;4.556494415733379;[8, 9];####1.906947132559112

10;4.556494415733379;[8, 9];####1.906947132559112

11;4.556494415733379;[8, 9];####1.906947132559112

12;4.556494415733379;[8, 9];####1.906947132559112

13;4.556494415733379;[8, 9];####1.906947132559112

14;4.556494415733379;[8, 9];####1.906947132559112

15;4.556494415733379;[8, 9];####1.906947132559112

16;4.556494415733379;[8, 9];####1.906947132559112

17;4.556494415733379;[8, 9];####1.906947132559112

18;4.556494415733379;[8, 9];####1.906947132559112

19;4.556494415733379;[8, 9];####1.906947132559112

20;4.556494415733379;[8, 9];####1.906947132559112

21;4.556494415733379;[8, 9];####1.906947132559112

22;4.556494415733379;[8, 9];####1.906947132559112

23;4.556494415733379;[8, 9];####1.906947132559112

24;4.556494415733379;[8, 9];####1.906947132559112

25;4.556494415733379;[8, 9];####1.906947132559112

26;4.556494415733379;[8, 9];####1.906947132559112

27;4.556494415733379;[8, 9];####1.906947132559112

28;4.556494415733379;[8, 9];####1.906947132559112

29;4.556494415733379;[8, 9];####1.906947132559112

30;4.556494415733379;[8, 9];####1.906947132559112

31;4.556494415733379;[8, 9];####1.906947132559112

32;4.556494415733379;[8, 9];####1.906947132559112

33;4.556494415733379;[8, 9];####1.906947132559112

34;4.556494415733379;[8, 9];####1.906947132559112

35;4.556494415733379;[8, 9];####1.906947132559112

36;4.556494415733379;[8, 9];####1.906947132559112

37;4.556494415733379;[8, 9];####1.906947132559112

38;4.556494415733379;[8, 9];####1.906947132559112

39;4.556494415733379;[8, 9];####1.906947132559112

40;4.556494415733379;[8, 9];####1.906947132559112

41;4.556494415733379;[8, 9];####1.906947132559112

42;4.556494415733379;[8, 9];####1.906947132559112

43;4.556494415733379;[8, 9];####1.906947132559112

44;4.556494415733379;[8, 9];####1.906947132559112

45;4.556494415733379;[8, 9];####1.906947132559112

46;4.556494415733379;[8, 9];####1.906947132559112

47;4.556494415733379;[8, 9];####1.906947132559112

48;4.556494415733379;[8, 9];####1.906947132559112

49;4.556494415733379;[8, 9];####1.906947132559112

50;4.556494415733379;[8, 9];####1.906947132559112

51;4.556494415733379;[8, 9];####1.906947132559112

52;4.556494415733379;[8, 9];####1.906947132559112

53;4.556494415733379;[8, 9];####1.906947132559112

54;4.556494415733379;[8, 9];####1.906947132559112

55;4.556494415733379;[8, 9];####1.906947132559112

56;4.556494415733379;[8, 9];####1.906947132559112

57;4.556494415733379;[8, 9];####1.906947132559112

58;4.556494415733379;[8, 9];####1.906947132559112

59;4.556494415733379;[8, 9];####1.906947132559112

60;4.556494415733379;[8, 9];####1.906947132559112

61;4.556494415733379;[8, 9];####1.906947132559112

62;4.556494415733379;[8, 9];####1.906947132559112

63;4.556494415733379;[8, 9];####1.906947132559112

64;4.556494415733379;[8, 9];####1.906947132559112

65;4.556494415733379;[8, 9];####1.906947132559112

66;4.556494415733379;[8, 9];####1.906947132559112

67;4.556494415733379;[8, 9];####1.906947132559112

68;4.556494415733379;[8, 9];####1.906947132559112

69;4.556494415733379;[8, 9];####1.906947132559112

70;4.556494415733379;[8, 9];####1.906947132559112

71;4.556494415733379;[8, 9];####1.906947132559112

72;4.556494415733379;[8, 9];####1.906947132559112

73;4.556494415733379;[8, 9];####1.906947132559112

74;4.556494415733379;[8, 9];####1.906947132559112

75;4.556494415733379;[8, 9];####1.906947132559112

76;4.556494415733379;[8, 9];####1.906947132559112

77;4.556494415733379;[8, 9];####1.906947132559112

78;4.556494415733379;[8, 9];####1.906947132559112

79;4.556494415733379;[8, 9];####1.906947132559112

80;4.556494415733379;[8, 9];####1.906947132559112

81;4.556494415733379;[8, 9];####1.906947132559112

82;4.556494415733379;[8, 9];####1.906947132559112

83;4.556494415733379;[8, 9];####1.906947132559112

84;4.556494415733379;[8, 9];####1.906947132559112

85;4.556494415733379;[8, 9];####1.906947132559112

86;4.556494415733379;[8, 9];####1.906947132559112

87;4.556494415733379;[8, 9];####1.906947132559112

88;4.556494415733379;[8, 9];####1.906947132559112

89;4.556494415733379;[8, 9];####1.906947132559112

90;4.556494415733379;[8, 9];####1.906947132559112

91;4.556494415733379;[8, 9];####1.906947132559112

92;4.556494415733379;[8, 9];####1.906947132559112

93;4.556494415733379;[8, 9];####1.906947132559112

94;4.556494415733379;[8, 9];####1.906947132559112

95;4.556494415733379;[8, 9];####1.906947132559112

96;4.556494415733379;[8, 9];####1.906947132559112

97;4.556494415733379;[8, 9];####1.906947132559112

98;4.556494415733379;[8, 9];####1.906947132559112

99;4.556494415733379;[8, 9];####1.906947132559112

100;4.556494415733379;[8, 9];####1.906947132559112

101;4.556494415733379;[8, 9];####1.906947132559112

102;4.556494415733379;[8, 9];####1.906947132559112

103;4.556494415733379;[8, 9];####1.906947132559112

104;4.556494415733379;[8, 9];####1.906947132559112

105;4.556494415733379;[8, 9];####1.906947132559112

106;4.556494415733379;[8, 9];####1.906947132559112

107;4.556494415733379;[8, 9];####1.906947132559112

108;4.556494415733379;[8, 9];####1.906947132559112

109;4.556494415733379;[8, 9];####1.906947132559112

110;4.556494415733379;[8, 9];####1.906947132559112

111;4.556494415733379;[8, 9];####1.906947132559112

112;4.556494415733379;[8, 9];####1.906947132559112

113;4.556494415733379;[8, 9];####1.906947132559112

114;4.556494415733379;[8, 9];####1.906947132559112

115;4.556494415733379;[8, 9];####1.906947132559112

116;4.556494415733379;[8, 9];####1.906947132559112

117;4.556494415733379;[8, 9];####1.906947132559112

118;4.556494415733379;[8, 9];####1.906947132559112

119;4.556494415733379;[8, 9];####1.906947132559112

120;4.556494415733379;[8, 9];####1.906947132559112

121;4.556494415733379;[8, 9];####1.906947132559112

122;4.556494415733379;[8, 9];####1.906947132559112

123;4.556494415733379;[8, 9];####1.906947132559112

124;4.556494415733379;[8, 9];####1.906947132559112

125;4.556494415733379;[8, 9];####1.906947132559112

126;4.556494415733379;[8, 9];####1.906947132559112

127;4.556494415733379;[8, 9];####1.906947132559112

128;4.556494415733379;[8, 9];####1.906947132559112

129;4.556494415733379;[8, 9];####1.906947132559112

130;4.556494415733379;[8, 9];####1.906947132559112

131;4.556494415733379;[8, 9];####1.906947132559112

132;4.556494415733379;[8, 9];####1.906947132559112

133;4.556494415733379;[8, 9];####1.906947132559112

134;4.556494415733379;[8, 9];####1.906947132559112

135;4.556494415733379;[8, 9];####1.906947132559112

136;4.556494415733379;[8, 9];####1.906947132559112

137;4.556494415733379;[8, 9];####1.906947132559112

138;4.556494415733379;[8, 9];####1.906947132559112

139;4.556494415733379;[8, 9];####1.906947132559112

140;4.556494415733379;[8, 9];####1.906947132559112

141;4.556494415733379;[8, 9];####1.906947132559112

142;4.556494415733379;[8, 9];####1.906947132559112

143;4.556494415733379;[8, 9];####1.906947132559112

144;4.556494415733379;[8, 9];####1.906947132559112

145;4.556494415733379;[8, 9];####1.906947132559112

146;4.556494415733379;[8, 9];####1.906947132559112

147;4.556494415733379;[8, 9];####1.906947132559112

148;4.556494415733379;[8, 9];####1.906947132559112

149;4.556494415733379;[8, 9];####1.906947132559112

150;4.556494415733379;[8, 9];####1.906947132559112

151;4.556494415733379;[8, 9];####1.906947132559112

152;4.556494415733379;[8, 9];####1.906947132559112

153;4.556494415733379;[8, 9];####1.906947132559112

154;4.556494415733379;[8, 9];####1.906947132559112

155;4.556494415733379;[8, 9];####1.906947132559112

156;4.556494415733379;[8, 9];####1.906947132559112

157;4.556494415733379;[8, 9];####1.906947132559112

158;4.556494415733379;[8, 9];####1.906947132559112

159;4.556494415733379;[8, 9];####1.906947132559112

160;4.556494415733379;[8, 9];####1.906947132559112

161;4.556494415733379;[8, 9];####1.906947132559112

162;4.556494415733379;[8, 9];####1.906947132559112

163;4.556494415733379;[8, 9];####1.906947132559112

164;4.556494415733379;[8, 9];####1.906947132559112

165;4.556494415733379;[8, 9];####1.906947132559112

166;4.556494415733379;[8, 9];####1.906947132559112

167;4.556494415733379;[8, 9];####1.906947132559112

168;4.556494415733379;[8, 9];####1.906947132559112

169;4.556494415733379;[8, 9];####1.906947132559112

170;4.556494415733379;[8, 9];####1.906947132559112

171;4.556494415733379;[8, 9];####1.906947132559112

172;4.556494415733379;[8, 9];####1.906947132559112

173;4.556494415733379;[8, 9];####1.906947132559112

174;4.556494415733379;[8, 9];####1.906947132559112

175;4.556494415733379;[8, 9];####1.906947132559112

176;4.556494415733379;[8, 9];####1.906947132559112

177;4.556494415733379;[8, 9];####1.906947132559112

178;4.556494415733379;[8, 9];####1.906947132559112

179;4.556494415733379;[8, 9];####1.906947132559112

180;4.556494415733379;[8, 9];####1.906947132559112

181;4.556494415733379;[8, 9];####1.906947132559112

182;4.556494415733379;[8, 9];####1.906947132559112

183;4.556494415733379;[8, 9];####1.906947132559112

184;4.556494415733379;[8, 9];####1.906947132559112

185;4.556494415733379;[8, 9];####1.906947132559112

186;4.556494415733379;[8, 9];####1.906947132559112

187;4.556494415733379;[8, 9];####1.906947132559112

188;4.556494415733379;[8, 9];####1.906947132559112

189;4.556494415733379;[8, 9];####1.906947132559112

190;4.556494415733379;[8, 9];####1.906947132559112

191;4.556494415733379;[8, 9];####1.906947132559112

192;4.556494415733379;[8, 9];####1.906947132559112

193;4.556494415733379;[8, 9];####1.906947132559112

194;4.556494415733379;[8, 9];####1.906947132559112

195;4.556494415733379;[8, 9];####1.906947132559112

196;4.556494415733379;[8, 9];####1.906947132559112

197;4.556494415733379;[8, 9];####1.906947132559112

198;4.556494415733379;[8, 9];####1.906947132559112

199;4.556494415733379;[8, 9];####1.906947132559112

200;4.556494415733379;[8, 9];####1.906947132559112

任务[2]先且完成。

任务2已完成的工作量为： 3.6020112503894337；
任务2剩余的工作量为： 0.0；

