1;2.577950256093186;[8, 9, 9, 9, 9];####0.45795842382873125

2;2.577950256093186;[8, 9, 9, 9, 9];####0.45795842382873125

3;2.577950256093186;[8, 9, 9, 9, 9];####0.45795842382873125

4;2.577950256093186;[8, 9, 9, 9, 9];####0.45795842382873125

5;2.577950256093186;[8, 9, 9, 9, 9];####0.45795842382873125

6;2.577950256093186;[8, 9, 9, 9, 9];####0.45795842382873125

7;2.577950256093186;[8, 9, 9, 9, 9];####0.45795842382873125

8;2.577950256093186;[8, 9, 9, 9, 9];####0.45795842382873125

9;2.577950256093186;[8, 9, 9, 9, 9];####0.45795842382873125

10;2.577950256093186;[8, 9, 9, 9, 9];####0.45795842382873125

11;2.577950256093186;[8, 9, 9, 9, 9];####0.45795842382873125

12;2.577950256093186;[8, 9, 9, 9, 9];####0.45795842382873125

13;2.577950256093186;[8, 9, 9, 9, 9];####0.45795842382873125

14;2.577950256093186;[8, 9, 9, 9, 9];####0.45795842382873125

15;2.577950256093186;[8, 9, 9, 9, 9];####0.45795842382873125

16;2.577950256093186;[8, 9, 9, 9, 9];####0.45795842382873125

17;2.577950256093186;[8, 9, 9, 9, 9];####0.45795842382873125

18;2.577950256093186;[8, 9, 9, 9, 9];####0.45795842382873125

19;2.577950256093186;[8, 9, 9, 9, 9];####0.45795842382873125

20;2.577950256093186;[8, 9, 9, 9, 9];####0.45795842382873125

21;2.577950256093186;[8, 9, 9, 9, 9];####0.45795842382873125

22;2.577950256093186;[8, 9, 9, 9, 9];####0.45795842382873125

23;2.577950256093186;[8, 9, 9, 9, 9];####0.45795842382873125

24;2.577950256093186;[8, 9, 9, 9, 9];####0.45795842382873125

25;2.577950256093186;[8, 9, 9, 9, 9];####0.45795842382873125

26;2.577950256093186;[8, 9, 9, 9, 9];####0.45795842382873125

27;2.577950256093186;[8, 9, 9, 9, 9];####0.45795842382873125

28;2.577950256093186;[8, 9, 9, 9, 9];####0.45795842382873125

29;2.577950256093186;[8, 9, 9, 9, 9];####0.45795842382873125

30;2.577950256093186;[8, 9, 9, 9, 9];####0.45795842382873125

31;2.577950256093186;[8, 9, 9, 9, 9];####0.45795842382873125

32;2.577950256093186;[8, 9, 9, 9, 9];####0.45795842382873125

33;2.577950256093186;[8, 9, 9, 9, 9];####0.45795842382873125

34;2.577950256093186;[8, 9, 9, 9, 9];####0.45795842382873125

35;2.577950256093186;[8, 9, 9, 9, 9];####0.45795842382873125

36;2.577950256093186;[8, 9, 9, 9, 9];####0.45795842382873125

37;2.577950256093186;[8, 9, 9, 9, 9];####0.45795842382873125

38;2.577950256093186;[8, 9, 9, 9, 9];####0.45795842382873125

39;2.577950256093186;[8, 9, 9, 9, 9];####0.45795842382873125

40;2.577950256093186;[8, 9, 9, 9, 9];####0.45795842382873125

41;2.577950256093186;[8, 9, 9, 9, 9];####0.45795842382873125

42;2.577950256093186;[8, 9, 9, 9, 9];####0.45795842382873125

43;2.577950256093186;[8, 9, 9, 9, 9];####0.45795842382873125

44;2.577950256093186;[8, 9, 9, 9, 9];####0.45795842382873125

45;2.577950256093186;[8, 9, 9, 9, 9];####0.45795842382873125

46;2.577950256093186;[8, 9, 9, 9, 9];####0.45795842382873125

47;2.577950256093186;[8, 9, 9, 9, 9];####0.45795842382873125

48;2.577950256093186;[8, 9, 9, 9, 9];####0.45795842382873125

49;2.577950256093186;[8, 9, 9, 9, 9];####0.45795842382873125

50;2.577950256093186;[8, 9, 9, 9, 9];####0.45795842382873125

51;2.577950256093186;[8, 9, 9, 9, 9];####0.45795842382873125

52;2.577950256093186;[8, 9, 9, 9, 9];####0.45795842382873125

53;2.577950256093186;[8, 9, 9, 9, 9];####0.45795842382873125

54;2.577950256093186;[8, 9, 9, 9, 9];####0.45795842382873125

55;2.577950256093186;[8, 9, 9, 9, 9];####0.45795842382873125

56;2.577950256093186;[8, 9, 9, 9, 9];####0.45795842382873125

57;2.577950256093186;[8, 9, 9, 9, 9];####0.45795842382873125

58;2.577950256093186;[8, 9, 9, 9, 9];####0.45795842382873125

59;2.577950256093186;[8, 9, 9, 9, 9];####0.45795842382873125

60;2.577950256093186;[8, 9, 9, 9, 9];####0.45795842382873125

61;2.577950256093186;[8, 9, 9, 9, 9];####0.45795842382873125

62;2.577950256093186;[8, 9, 9, 9, 9];####0.45795842382873125

63;2.577950256093186;[8, 9, 9, 9, 9];####0.45795842382873125

64;2.577950256093186;[8, 9, 9, 9, 9];####0.45795842382873125

65;2.577950256093186;[8, 9, 9, 9, 9];####0.45795842382873125

66;2.577950256093186;[8, 9, 9, 9, 9];####0.45795842382873125

67;2.577950256093186;[8, 9, 9, 9, 9];####0.45795842382873125

68;2.577950256093186;[8, 9, 9, 9, 9];####0.45795842382873125

69;2.577950256093186;[8, 9, 9, 9, 9];####0.45795842382873125

70;2.577950256093186;[8, 9, 9, 9, 9];####0.45795842382873125

71;2.577950256093186;[8, 9, 9, 9, 9];####0.45795842382873125

72;2.577950256093186;[8, 9, 9, 9, 9];####0.45795842382873125

73;2.577950256093186;[8, 9, 9, 9, 9];####0.45795842382873125

74;2.577950256093186;[8, 9, 9, 9, 9];####0.45795842382873125

75;2.577950256093186;[8, 9, 9, 9, 9];####0.45795842382873125

76;2.577950256093186;[8, 9, 9, 9, 9];####0.45795842382873125

77;2.577950256093186;[8, 9, 9, 9, 9];####0.45795842382873125

78;2.577950256093186;[8, 9, 9, 9, 9];####0.45795842382873125

79;2.577950256093186;[8, 9, 9, 9, 9];####0.45795842382873125

80;2.577950256093186;[8, 9, 9, 9, 9];####0.45795842382873125

81;2.577950256093186;[8, 9, 9, 9, 9];####0.45795842382873125

82;2.577950256093186;[8, 9, 9, 9, 9];####0.45795842382873125

83;2.577950256093186;[8, 9, 9, 9, 9];####0.45795842382873125

84;2.577950256093186;[8, 9, 9, 9, 9];####0.45795842382873125

85;2.577950256093186;[8, 9, 9, 9, 9];####0.45795842382873125

86;2.577950256093186;[8, 9, 9, 9, 9];####0.45795842382873125

87;2.577950256093186;[8, 9, 9, 9, 9];####0.45795842382873125

88;2.577950256093186;[8, 9, 9, 9, 9];####0.45795842382873125

89;2.577950256093186;[8, 9, 9, 9, 9];####0.45795842382873125

90;2.577950256093186;[8, 9, 9, 9, 9];####0.45795842382873125

91;2.577950256093186;[8, 9, 9, 9, 9];####0.45795842382873125

92;2.577950256093186;[8, 9, 9, 9, 9];####0.45795842382873125

93;2.577950256093186;[8, 9, 9, 9, 9];####0.45795842382873125

94;2.577950256093186;[8, 9, 9, 9, 9];####0.45795842382873125

95;2.577950256093186;[8, 9, 9, 9, 9];####0.45795842382873125

96;2.577950256093186;[8, 9, 9, 9, 9];####0.45795842382873125

97;2.577950256093186;[8, 9, 9, 9, 9];####0.45795842382873125

98;2.577950256093186;[8, 9, 9, 9, 9];####0.45795842382873125

99;2.577950256093186;[8, 9, 9, 9, 9];####0.45795842382873125

100;2.577950256093186;[8, 9, 9, 9, 9];####0.45795842382873125

101;2.577950256093186;[8, 9, 9, 9, 9];####0.45795842382873125

102;2.577950256093186;[8, 9, 9, 9, 9];####0.45795842382873125

103;2.577950256093186;[8, 9, 9, 9, 9];####0.45795842382873125

104;2.577950256093186;[8, 9, 9, 9, 9];####0.45795842382873125

105;2.577950256093186;[8, 9, 9, 9, 9];####0.45795842382873125

106;2.577950256093186;[8, 9, 9, 9, 9];####0.45795842382873125

107;2.577950256093186;[8, 9, 9, 9, 9];####0.45795842382873125

108;2.577950256093186;[8, 9, 9, 9, 9];####0.45795842382873125

109;2.577950256093186;[8, 9, 9, 9, 9];####0.45795842382873125

110;2.577950256093186;[8, 9, 9, 9, 9];####0.45795842382873125

111;2.577950256093186;[8, 9, 9, 9, 9];####0.45795842382873125

112;2.577950256093186;[8, 9, 9, 9, 9];####0.45795842382873125

113;2.577950256093186;[8, 9, 9, 9, 9];####0.45795842382873125

114;2.577950256093186;[8, 9, 9, 9, 9];####0.45795842382873125

115;2.577950256093186;[8, 9, 9, 9, 9];####0.45795842382873125

116;2.577950256093186;[8, 9, 9, 9, 9];####0.45795842382873125

117;2.577950256093186;[8, 9, 9, 9, 9];####0.45795842382873125

118;2.577950256093186;[8, 9, 9, 9, 9];####0.45795842382873125

119;2.577950256093186;[8, 9, 9, 9, 9];####0.45795842382873125

120;2.577950256093186;[8, 9, 9, 9, 9];####0.45795842382873125

121;2.577950256093186;[8, 9, 9, 9, 9];####0.45795842382873125

122;2.577950256093186;[8, 9, 9, 9, 9];####0.45795842382873125

123;2.577950256093186;[8, 9, 9, 9, 9];####0.45795842382873125

124;2.577950256093186;[8, 9, 9, 9, 9];####0.45795842382873125

125;2.577950256093186;[8, 9, 9, 9, 9];####0.45795842382873125

126;2.577950256093186;[8, 9, 9, 9, 9];####0.45795842382873125

127;2.577950256093186;[8, 9, 9, 9, 9];####0.45795842382873125

128;2.577950256093186;[8, 9, 9, 9, 9];####0.45795842382873125

129;2.577950256093186;[8, 9, 9, 9, 9];####0.45795842382873125

130;2.577950256093186;[8, 9, 9, 9, 9];####0.45795842382873125

131;2.577950256093186;[8, 9, 9, 9, 9];####0.45795842382873125

132;2.577950256093186;[8, 9, 9, 9, 9];####0.45795842382873125

133;2.577950256093186;[8, 9, 9, 9, 9];####0.45795842382873125

134;2.577950256093186;[8, 9, 9, 9, 9];####0.45795842382873125

135;2.577950256093186;[8, 9, 9, 9, 9];####0.45795842382873125

136;2.577950256093186;[8, 9, 9, 9, 9];####0.45795842382873125

137;2.577950256093186;[8, 9, 9, 9, 9];####0.45795842382873125

138;2.577950256093186;[8, 9, 9, 9, 9];####0.45795842382873125

139;2.577950256093186;[8, 9, 9, 9, 9];####0.45795842382873125

140;2.577950256093186;[8, 9, 9, 9, 9];####0.45795842382873125

141;2.577950256093186;[8, 9, 9, 9, 9];####0.45795842382873125

142;2.577950256093186;[8, 9, 9, 9, 9];####0.45795842382873125

143;2.577950256093186;[8, 9, 9, 9, 9];####0.45795842382873125

144;2.577950256093186;[8, 9, 9, 9, 9];####0.45795842382873125

145;2.577950256093186;[8, 9, 9, 9, 9];####0.45795842382873125

146;2.577950256093186;[8, 9, 9, 9, 9];####0.45795842382873125

147;2.577950256093186;[8, 9, 9, 9, 9];####0.45795842382873125

148;2.577950256093186;[8, 9, 9, 9, 9];####0.45795842382873125

149;2.577950256093186;[8, 9, 9, 9, 9];####0.45795842382873125

150;2.577950256093186;[8, 9, 9, 9, 9];####0.45795842382873125

151;2.577950256093186;[8, 9, 9, 9, 9];####0.45795842382873125

152;2.577950256093186;[8, 9, 9, 9, 9];####0.45795842382873125

153;2.577950256093186;[8, 9, 9, 9, 9];####0.45795842382873125

154;2.577950256093186;[8, 9, 9, 9, 9];####0.45795842382873125

155;2.577950256093186;[8, 9, 9, 9, 9];####0.45795842382873125

156;2.577950256093186;[8, 9, 9, 9, 9];####0.45795842382873125

157;2.577950256093186;[8, 9, 9, 9, 9];####0.45795842382873125

158;2.577950256093186;[8, 9, 9, 9, 9];####0.45795842382873125

159;2.577950256093186;[8, 9, 9, 9, 9];####0.45795842382873125

160;2.577950256093186;[8, 9, 9, 9, 9];####0.45795842382873125

161;2.577950256093186;[8, 9, 9, 9, 9];####0.45795842382873125

162;2.577950256093186;[8, 9, 9, 9, 9];####0.45795842382873125

163;2.577950256093186;[8, 9, 9, 9, 9];####0.45795842382873125

164;2.577950256093186;[8, 9, 9, 9, 9];####0.45795842382873125

165;2.577950256093186;[8, 9, 9, 9, 9];####0.45795842382873125

166;2.577950256093186;[8, 9, 9, 9, 9];####0.45795842382873125

167;2.577950256093186;[8, 9, 9, 9, 9];####0.45795842382873125

168;2.577950256093186;[8, 9, 9, 9, 9];####0.45795842382873125

169;2.577950256093186;[8, 9, 9, 9, 9];####0.45795842382873125

170;2.577950256093186;[8, 9, 9, 9, 9];####0.45795842382873125

171;2.577950256093186;[8, 9, 9, 9, 9];####0.45795842382873125

172;2.577950256093186;[8, 9, 9, 9, 9];####0.45795842382873125

173;2.577950256093186;[8, 9, 9, 9, 9];####0.45795842382873125

174;2.577950256093186;[8, 9, 9, 9, 9];####0.45795842382873125

175;2.577950256093186;[8, 9, 9, 9, 9];####0.45795842382873125

176;2.577950256093186;[8, 9, 9, 9, 9];####0.45795842382873125

177;2.577950256093186;[8, 9, 9, 9, 9];####0.45795842382873125

178;2.577950256093186;[8, 9, 9, 9, 9];####0.45795842382873125

179;2.577950256093186;[8, 9, 9, 9, 9];####0.45795842382873125

180;2.577950256093186;[8, 9, 9, 9, 9];####0.45795842382873125

181;2.577950256093186;[8, 9, 9, 9, 9];####0.45795842382873125

182;2.577950256093186;[8, 9, 9, 9, 9];####0.45795842382873125

183;2.577950256093186;[8, 9, 9, 9, 9];####0.45795842382873125

184;2.577950256093186;[8, 9, 9, 9, 9];####0.45795842382873125

185;2.577950256093186;[8, 9, 9, 9, 9];####0.45795842382873125

186;2.577950256093186;[8, 9, 9, 9, 9];####0.45795842382873125

187;2.577950256093186;[8, 9, 9, 9, 9];####0.45795842382873125

188;2.577950256093186;[8, 9, 9, 9, 9];####0.45795842382873125

189;2.577950256093186;[8, 9, 9, 9, 9];####0.45795842382873125

190;2.577950256093186;[8, 9, 9, 9, 9];####0.45795842382873125

191;2.577950256093186;[8, 9, 9, 9, 9];####0.45795842382873125

192;2.577950256093186;[8, 9, 9, 9, 9];####0.45795842382873125

193;2.577950256093186;[8, 9, 9, 9, 9];####0.45795842382873125

194;2.577950256093186;[8, 9, 9, 9, 9];####0.45795842382873125

195;2.577950256093186;[8, 9, 9, 9, 9];####0.45795842382873125

196;2.577950256093186;[8, 9, 9, 9, 9];####0.45795842382873125

197;2.577950256093186;[8, 9, 9, 9, 9];####0.45795842382873125

198;2.577950256093186;[8, 9, 9, 9, 9];####0.45795842382873125

199;2.577950256093186;[8, 9, 9, 9, 9];####0.45795842382873125

200;2.577950256093186;[8, 9, 9, 9, 9];####0.45795842382873125

任务[5]先且完成。

任务5已完成的工作量为： 2.238907849829353；
任务5剩余的工作量为： 0.0；

