1;14.189521831392776;[6, 9, 9, 9];####3.272727272727273

2;14.189521831392776;[6, 9, 9, 9];####3.272727272727273

3;14.189521831392776;[6, 9, 9, 9];####3.272727272727273

4;14.189521831392776;[6, 9, 9, 9];####3.272727272727273

5;14.189521831392776;[6, 9, 9, 9];####3.272727272727273

6;14.189521831392776;[6, 9, 9, 9];####3.272727272727273

7;14.189521831392776;[6, 9, 9, 9];####3.272727272727273

8;14.189521831392776;[6, 9, 9, 9];####3.272727272727273

9;14.189521831392776;[6, 9, 9, 9];####3.272727272727273

10;14.189521831392776;[6, 9, 9, 9];####3.272727272727273

11;14.189521831392776;[6, 9, 9, 9];####3.272727272727273

12;14.189521831392776;[6, 9, 9, 9];####3.272727272727273

13;14.189521831392776;[6, 9, 9, 9];####3.272727272727273

14;14.189521831392776;[6, 9, 9, 9];####3.272727272727273

15;14.189521831392776;[6, 9, 9, 9];####3.272727272727273

16;14.189521831392776;[6, 9, 9, 9];####3.272727272727273

17;14.189521831392776;[6, 9, 9, 9];####3.272727272727273

18;14.189521831392776;[6, 9, 9, 9];####3.272727272727273

19;14.189521831392776;[6, 9, 9, 9];####3.272727272727273

20;14.189521831392776;[6, 9, 9, 9];####3.272727272727273

21;14.189521831392776;[6, 9, 9, 9];####3.272727272727273

22;14.189521831392776;[6, 9, 9, 9];####3.272727272727273

23;14.189521831392776;[6, 9, 9, 9];####3.272727272727273

24;14.189521831392776;[6, 9, 9, 9];####3.272727272727273

25;14.189521831392776;[6, 9, 9, 9];####3.272727272727273

26;14.189521831392776;[6, 9, 9, 9];####3.272727272727273

27;14.189521831392776;[6, 9, 9, 9];####3.272727272727273

28;14.189521831392776;[6, 9, 9, 9];####3.272727272727273

29;14.189521831392776;[6, 9, 9, 9];####3.272727272727273

30;14.189521831392776;[6, 9, 9, 9];####3.272727272727273

31;14.189521831392776;[6, 9, 9, 9];####3.272727272727273

32;14.189521831392776;[6, 9, 9, 9];####3.272727272727273

33;14.189521831392776;[6, 9, 9, 9];####3.272727272727273

34;14.189521831392776;[6, 9, 9, 9];####3.272727272727273

35;14.189521831392776;[6, 9, 9, 9];####3.272727272727273

36;14.189521831392776;[6, 9, 9, 9];####3.272727272727273

37;14.189521831392776;[6, 9, 9, 9];####3.272727272727273

38;14.189521831392776;[6, 9, 9, 9];####3.272727272727273

39;14.189521831392776;[6, 9, 9, 9];####3.272727272727273

40;14.189521831392776;[6, 9, 9, 9];####3.272727272727273

41;14.189521831392776;[6, 9, 9, 9];####3.272727272727273

42;14.189521831392776;[6, 9, 9, 9];####3.272727272727273

43;14.189521831392776;[6, 9, 9, 9];####3.272727272727273

44;14.189521831392776;[6, 9, 9, 9];####3.272727272727273

45;14.189521831392776;[6, 9, 9, 9];####3.272727272727273

46;14.189521831392776;[6, 9, 9, 9];####3.272727272727273

47;14.189521831392776;[6, 9, 9, 9];####3.272727272727273

48;14.189521831392776;[6, 9, 9, 9];####3.272727272727273

49;14.189521831392776;[6, 9, 9, 9];####3.272727272727273

50;14.189521831392776;[6, 9, 9, 9];####3.272727272727273

51;14.189521831392776;[6, 9, 9, 9];####3.272727272727273

52;14.189521831392776;[6, 9, 9, 9];####3.272727272727273

53;14.189521831392776;[6, 9, 9, 9];####3.272727272727273

54;14.189521831392776;[6, 9, 9, 9];####3.272727272727273

55;14.189521831392776;[6, 9, 9, 9];####3.272727272727273

56;14.189521831392776;[6, 9, 9, 9];####3.272727272727273

57;14.189521831392776;[6, 9, 9, 9];####3.272727272727273

58;14.189521831392776;[6, 9, 9, 9];####3.272727272727273

59;14.189521831392776;[6, 9, 9, 9];####3.272727272727273

60;14.189521831392776;[6, 9, 9, 9];####3.272727272727273

61;14.189521831392776;[6, 9, 9, 9];####3.272727272727273

62;14.189521831392776;[6, 9, 9, 9];####3.272727272727273

63;14.189521831392776;[6, 9, 9, 9];####3.272727272727273

64;14.189521831392776;[6, 9, 9, 9];####3.272727272727273

65;14.189521831392776;[6, 9, 9, 9];####3.272727272727273

66;14.189521831392776;[6, 9, 9, 9];####3.272727272727273

67;14.189521831392776;[6, 9, 9, 9];####3.272727272727273

68;14.189521831392776;[6, 9, 9, 9];####3.272727272727273

69;14.189521831392776;[6, 9, 9, 9];####3.272727272727273

70;14.189521831392776;[6, 9, 9, 9];####3.272727272727273

71;14.189521831392776;[6, 9, 9, 9];####3.272727272727273

72;14.189521831392776;[6, 9, 9, 9];####3.272727272727273

73;14.189521831392776;[6, 9, 9, 9];####3.272727272727273

74;14.189521831392776;[6, 9, 9, 9];####3.272727272727273

75;14.189521831392776;[6, 9, 9, 9];####3.272727272727273

76;14.189521831392776;[6, 9, 9, 9];####3.272727272727273

77;14.189521831392776;[6, 9, 9, 9];####3.272727272727273

78;14.189521831392776;[6, 9, 9, 9];####3.272727272727273

79;14.189521831392776;[6, 9, 9, 9];####3.272727272727273

80;14.189521831392776;[6, 9, 9, 9];####3.272727272727273

81;14.189521831392776;[6, 9, 9, 9];####3.272727272727273

82;14.189521831392776;[6, 9, 9, 9];####3.272727272727273

83;14.189521831392776;[6, 9, 9, 9];####3.272727272727273

84;14.189521831392776;[6, 9, 9, 9];####3.272727272727273

85;14.189521831392776;[6, 9, 9, 9];####3.272727272727273

86;14.189521831392776;[6, 9, 9, 9];####3.272727272727273

87;14.189521831392776;[6, 9, 9, 9];####3.272727272727273

88;14.189521831392776;[6, 9, 9, 9];####3.272727272727273

89;14.189521831392776;[6, 9, 9, 9];####3.272727272727273

90;14.189521831392776;[6, 9, 9, 9];####3.272727272727273

91;14.189521831392776;[6, 9, 9, 9];####3.272727272727273

92;14.189521831392776;[6, 9, 9, 9];####3.272727272727273

93;14.189521831392776;[6, 9, 9, 9];####3.272727272727273

94;14.189521831392776;[6, 9, 9, 9];####3.272727272727273

95;14.189521831392776;[6, 9, 9, 9];####3.272727272727273

96;14.189521831392776;[6, 9, 9, 9];####3.272727272727273

97;14.189521831392776;[6, 9, 9, 9];####3.272727272727273

98;14.189521831392776;[6, 9, 9, 9];####3.272727272727273

99;14.189521831392776;[6, 9, 9, 9];####3.272727272727273

100;14.189521831392776;[6, 9, 9, 9];####3.272727272727273

101;14.189521831392776;[6, 9, 9, 9];####3.272727272727273

102;14.189521831392776;[6, 9, 9, 9];####3.272727272727273

103;14.189521831392776;[6, 9, 9, 9];####3.272727272727273

104;14.189521831392776;[6, 9, 9, 9];####3.272727272727273

105;14.189521831392776;[6, 9, 9, 9];####3.272727272727273

106;14.189521831392776;[6, 9, 9, 9];####3.272727272727273

107;14.189521831392776;[6, 9, 9, 9];####3.272727272727273

108;14.189521831392776;[6, 9, 9, 9];####3.272727272727273

109;14.189521831392776;[6, 9, 9, 9];####3.272727272727273

110;14.189521831392776;[6, 9, 9, 9];####3.272727272727273

111;14.189521831392776;[6, 9, 9, 9];####3.272727272727273

112;14.189521831392776;[6, 9, 9, 9];####3.272727272727273

113;14.189521831392776;[6, 9, 9, 9];####3.272727272727273

114;14.189521831392776;[6, 9, 9, 9];####3.272727272727273

115;14.189521831392776;[6, 9, 9, 9];####3.272727272727273

116;14.189521831392776;[6, 9, 9, 9];####3.272727272727273

117;14.189521831392776;[6, 9, 9, 9];####3.272727272727273

118;14.189521831392776;[6, 9, 9, 9];####3.272727272727273

119;14.189521831392776;[6, 9, 9, 9];####3.272727272727273

120;14.189521831392776;[6, 9, 9, 9];####3.272727272727273

121;14.189521831392776;[6, 9, 9, 9];####3.272727272727273

122;14.189521831392776;[6, 9, 9, 9];####3.272727272727273

123;14.189521831392776;[6, 9, 9, 9];####3.272727272727273

124;14.189521831392776;[6, 9, 9, 9];####3.272727272727273

125;14.189521831392776;[6, 9, 9, 9];####3.272727272727273

126;14.189521831392776;[6, 9, 9, 9];####3.272727272727273

127;14.189521831392776;[6, 9, 9, 9];####3.272727272727273

128;14.189521831392776;[6, 9, 9, 9];####3.272727272727273

129;14.189521831392776;[6, 9, 9, 9];####3.272727272727273

130;14.189521831392776;[6, 9, 9, 9];####3.272727272727273

131;14.189521831392776;[6, 9, 9, 9];####3.272727272727273

132;14.189521831392776;[6, 9, 9, 9];####3.272727272727273

133;14.189521831392776;[6, 9, 9, 9];####3.272727272727273

134;14.189521831392776;[6, 9, 9, 9];####3.272727272727273

135;14.189521831392776;[6, 9, 9, 9];####3.272727272727273

136;14.189521831392776;[6, 9, 9, 9];####3.272727272727273

137;14.189521831392776;[6, 9, 9, 9];####3.272727272727273

138;14.189521831392776;[6, 9, 9, 9];####3.272727272727273

139;14.189521831392776;[6, 9, 9, 9];####3.272727272727273

140;14.189521831392776;[6, 9, 9, 9];####3.272727272727273

141;14.189521831392776;[6, 9, 9, 9];####3.272727272727273

142;14.189521831392776;[6, 9, 9, 9];####3.272727272727273

143;14.189521831392776;[6, 9, 9, 9];####3.272727272727273

144;14.189521831392776;[6, 9, 9, 9];####3.272727272727273

145;14.189521831392776;[6, 9, 9, 9];####3.272727272727273

146;14.189521831392776;[6, 9, 9, 9];####3.272727272727273

147;14.189521831392776;[6, 9, 9, 9];####3.272727272727273

148;14.189521831392776;[6, 9, 9, 9];####3.272727272727273

149;14.189521831392776;[6, 9, 9, 9];####3.272727272727273

150;14.189521831392776;[6, 9, 9, 9];####3.272727272727273

151;14.189521831392776;[6, 9, 9, 9];####3.272727272727273

152;14.189521831392776;[6, 9, 9, 9];####3.272727272727273

153;14.189521831392776;[6, 9, 9, 9];####3.272727272727273

154;14.189521831392776;[6, 9, 9, 9];####3.272727272727273

155;14.189521831392776;[6, 9, 9, 9];####3.272727272727273

156;14.189521831392776;[6, 9, 9, 9];####3.272727272727273

157;14.189521831392776;[6, 9, 9, 9];####3.272727272727273

158;14.189521831392776;[6, 9, 9, 9];####3.272727272727273

159;14.189521831392776;[6, 9, 9, 9];####3.272727272727273

160;14.189521831392776;[6, 9, 9, 9];####3.272727272727273

161;14.189521831392776;[6, 9, 9, 9];####3.272727272727273

162;14.189521831392776;[6, 9, 9, 9];####3.272727272727273

163;14.189521831392776;[6, 9, 9, 9];####3.272727272727273

164;14.189521831392776;[6, 9, 9, 9];####3.272727272727273

165;14.189521831392776;[6, 9, 9, 9];####3.272727272727273

166;14.189521831392776;[6, 9, 9, 9];####3.272727272727273

167;14.189521831392776;[6, 9, 9, 9];####3.272727272727273

168;14.189521831392776;[6, 9, 9, 9];####3.272727272727273

169;14.189521831392776;[6, 9, 9, 9];####3.272727272727273

170;14.189521831392776;[6, 9, 9, 9];####3.272727272727273

171;14.189521831392776;[6, 9, 9, 9];####3.272727272727273

172;14.189521831392776;[6, 9, 9, 9];####3.272727272727273

173;14.189521831392776;[6, 9, 9, 9];####3.272727272727273

174;14.189521831392776;[6, 9, 9, 9];####3.272727272727273

175;14.189521831392776;[6, 9, 9, 9];####3.272727272727273

176;14.189521831392776;[6, 9, 9, 9];####3.272727272727273

177;14.189521831392776;[6, 9, 9, 9];####3.272727272727273

178;14.189521831392776;[6, 9, 9, 9];####3.272727272727273

179;14.189521831392776;[6, 9, 9, 9];####3.272727272727273

180;14.189521831392776;[6, 9, 9, 9];####3.272727272727273

181;14.189521831392776;[6, 9, 9, 9];####3.272727272727273

182;14.189521831392776;[6, 9, 9, 9];####3.272727272727273

183;14.189521831392776;[6, 9, 9, 9];####3.272727272727273

184;14.189521831392776;[6, 9, 9, 9];####3.272727272727273

185;14.189521831392776;[6, 9, 9, 9];####3.272727272727273

186;14.189521831392776;[6, 9, 9, 9];####3.272727272727273

187;14.189521831392776;[6, 9, 9, 9];####3.272727272727273

188;14.189521831392776;[6, 9, 9, 9];####3.272727272727273

189;14.189521831392776;[6, 9, 9, 9];####3.272727272727273

190;14.189521831392776;[6, 9, 9, 9];####3.272727272727273

191;14.189521831392776;[6, 9, 9, 9];####3.272727272727273

192;14.189521831392776;[6, 9, 9, 9];####3.272727272727273

193;14.189521831392776;[6, 9, 9, 9];####3.272727272727273

194;14.189521831392776;[6, 9, 9, 9];####3.272727272727273

195;14.189521831392776;[6, 9, 9, 9];####3.272727272727273

196;14.189521831392776;[6, 9, 9, 9];####3.272727272727273

197;14.189521831392776;[6, 9, 9, 9];####3.272727272727273

198;14.189521831392776;[6, 9, 9, 9];####3.272727272727273

199;14.189521831392776;[6, 9, 9, 9];####3.272727272727273

200;14.189521831392776;[6, 9, 9, 9];####3.272727272727273

任务[6]先且完成。

任务6已完成的工作量为： 12.0；
任务6剩余的工作量为： 0.0；

